50 35


3 3 3 3 3 2 1 2 3
1 1 1 1 2 2 4 2 1 1 1
1 3 1 2 1 3 7 1 2 1
1 1 1 2 5 8 3
1 3 3 3 3 4 9

1 4 6
2 1 8 2
2 1 6 5 7
3 3 14 4
5 3 23

1 1 2 32
3 4 25 4 3 1
5 3 27 3 1
8 26 2 2
1 7 24 1 2

3 23 3
2 2 22 1 1 1
3 13 13 1 3
3 11 3 6 3 4
1 1 2 6 9 11 2 2

1 2 6 3 10 1
2 4 3 6
2 3 3 6
1 2 3 3 3
2 7 3 5 11

3 7 5 20
3 5 3 6 22
2 4 4 3 6 4
4 7 6 1
3 2 2 1

3 2 2 3 3 3 2 2 3 1 1 2 1 1 1 
1 1 5 1 1 1 1 1 1 1 1 1 1 1 1 1 2 2 1
1 5 1 1 2 1 1 1 1 2 1 1 2 2 2 2 1
3 2 2 1 1 1 1 1 1 1 1 1 1 2 1 1 1 1 1 
3 2 2 3 3 3 2 1 2 1 1 1 2 1 1 1 1


2 3 3 2 6
1 1 2 3 4 3 2 2
1 15 3 3 2
5 3 5 5 1
1 3 6 1

3 1 1 2 4 2 6
1 1 1 1 5 3 2 6
1 3 9 2 2 2
2 2 1 3 2 6
1 1 1 3 2 6

1 1 1 2 4 2
2 2 1 10 2 1 5
1 10 2 1 1 1
1 2 1 10 2 1 5
1 3 1 9 2 2

3 1 2 8 2 1 5
2 9 1 1 1 1 1
1 7 3 2 2
3 1 7 6 1
2 2 1 8 6 1 5

1 3 1 8 8 1 1
5 1 8 3 3 5
3 2 9 2 2
1 9 1 4 1
1 11 2 2 4

2 12 1 2 1
1 11 2 1 5
1 1 18 1 1
2 1 17 1 5
2 16 1 1 1 1

3 11 1 2
3 11 1 2 1 1
2 8 3 2 1 5
4 13 2 1 1
5 8 3 4

1 4 7 2 5 5
8 1 2 5 1
9 2 5 1
4 8 2 4 5
2 1 5 2 4

3 6 2 3 1 5
2 3 2 3 1 1 1 1
1 4 2 3 1
4 2 5 5
1 3 1 5 2

2 1 1 5 2
1 1 2 2 3 2
3 1 1 2 2 2 5
1 10 1 2
1 2 3 1 5 1
